Started Training CB and IGL on Wed Aug 18 02:05:45 UTC 2021.
Saving to ../notes/result_2021-08-18_02:05:45.dat
|: -----------------------------------------------------------------------------------------------------:|
|Filename	|	Num Examples	|	CB Loss|IGL Loss	|	IGL Flipped Sign Loss|
|: -----------------------------------------------------------------------------------------------------:|
ds_1041_10.vw.gz 		3468	0.644175	0.545271	0.545271	
ds_1044_3.vw.gz 		10936	0.624360	0.742502	0.695684	
ds_1047_11.vw.gz 		203	0.798030	0.684729	0.684729	
ds_1057_6.vw.gz 		76	0.250000	0.250000	0.250000	
ds_1077_3.vw.gz 		105	0.857143	0.657143	0.657143	
ds_1078_3.vw.gz 		105	0.466667	0.466667	0.466667	
ds_1079_5.vw.gz 		95	0.715789	0.757895	0.757895	
ds_1080_5.vw.gz 		113	0.893805	0.840708	0.840708	
ds_1081_4.vw.gz 		89	0.910112	0.629213	0.629213	
ds_1082_5.vw.gz 		92	0.826087	0.619565	0.619565	
ds_1083_7.vw.gz 		214	0.901869	0.915888	0.915888	
ds_1084_3.vw.gz 		220	0.709091	0.740909	0.740909	
ds_1086_3.vw.gz 		283	0.915194	0.819788	0.819788	
ds_1087_3.vw.gz 		283	0.766784	0.685512	0.685512	
ds_1088_10.vw.gz 		383	0.950392	0.887728	0.887728	
ds_10_4.vw.gz 		148	0.445946	0.709459	0.709459	
ds_1100_3.vw.gz 		478	0.564854	0.564854	0.564854	
ds_1102_9.vw.gz 		96	0.885417	0.958333	0.958333	
ds_1106_14.vw.gz 		190	0.921053	0.942105	0.942105	
ds_1109_11.vw.gz 		96	0.916667	0.979167	0.979167	
ds_1110_23.vw.gz 		4898431	0.223308	0.223078	0.222633	
ds_1113_23.vw.gz 		494020	0.241938	0.245591	0.246282	
ds_1115_3.vw.gz 		151	0.682119	0.655629	0.688742	
ds_1117_3.vw.gz 		81	0.456790	0.456790	0.456790	
ds_115_10.vw.gz 		1000000	0.848780	0.959717	0.923624	
ds_116_6.vw.gz 		1000000	0.507966	0.509267	0.509019	
ds_1177_22.vw.gz 		1000000	0.881524	0.881692	0.880476	
ds_1179_3.vw.gz 		1000000	0.038545	0.038545	0.038545	
ds_117_6.vw.gz 		1000000	0.510410	0.508706	0.509717	
ds_1183_6.vw.gz 		1000000	0.596553	0.595968	0.596345	
ds_1185_3.vw.gz 		1000000	0.276135	0.276791	0.276191	
ds_1186_5.vw.gz 		1000000	0.721577	0.721302	0.725123	
ds_118_10.vw.gz 		1000000	0.721307	0.736245	0.743296	
ds_119_3.vw.gz 		55296	0.588216	0.766529	0.765191	
ds_11_3.vw.gz 		625	0.622400	0.702400	0.598400	
ds_1209_11.vw.gz 		1000000	0.908171	0.909697	0.908924	
ds_1214_9.vw.gz 		1000000	0.854009	0.869681	0.854871	
ds_1222_2.vw.gz 		20000	0.176000	0.176000	0.176000	
ds_1226_2.vw.gz 		798964	0.104763	0.104763	0.104763	
ds_1233_7.vw.gz 		945	0.863492	0.802116	0.811640	
ds_123_10.vw.gz 		1000000	0.573879	0.576840	0.578677	
ds_125_5.vw.gz 		295245	0.135406	0.135410	0.135406	
ds_127_10.vw.gz 		1000000	0.865953	0.967561	0.963680	
ds_129_6.vw.gz 		1000000	0.259818	0.263240	0.261084	
ds_12_10.vw.gz 		2000	0.890000	0.928000	0.929000	
ds_130_7.vw.gz 		1000000	0.475940	0.477840	0.475725	
ds_133_7.vw.gz 		137781	0.692556	0.694878	0.695894	
ds_134_19.vw.gz 		1000000	0.848857	0.853135	0.854747	
ds_1351_6.vw.gz 		1000000	0.274530	0.274604	0.274617	
ds_1352_6.vw.gz 		1000000	0.272619	0.273080	0.273079	
ds_1353_6.vw.gz 		1000000	0.272267	0.272392	0.272552	
ds_1354_6.vw.gz 		1000000	0.256220	0.255926	0.256912	
ds_1355_6.vw.gz 		1000000	0.274278	0.274191	0.274172	
ds_1356_6.vw.gz 		1000000	0.274046	0.274082	0.274136	
ds_1357_6.vw.gz 		1000000	0.256562	0.257312	0.256886	
ds_1358_6.vw.gz 		1000000	0.273638	0.273432	0.273227	
ds_1359_6.vw.gz 		1000000	0.275043	0.275285	0.275286	
ds_1360_6.vw.gz 		1000000	0.270934	0.270975	0.270898	
ds_1361_6.vw.gz 		1000000	0.271130	0.270924	0.270920	
ds_1362_6.vw.gz 		1000000	0.270636	0.270562	0.270562	
ds_1363_6.vw.gz 		1000000	0.261959	0.262079	0.262362	
ds_1364_6.vw.gz 		1000000	0.270621	0.270745	0.270618	
ds_1365_6.vw.gz 		1000000	0.270903	0.270877	0.270877	
ds_1366_6.vw.gz 		1000000	0.257123	0.257639	0.257372	
ds_1367_6.vw.gz 		1000000	0.271862	0.271731	0.271714	
ds_1368_6.vw.gz 		1000000	0.270986	0.271023	0.271022	
ds_136_5.vw.gz 		1000000	0.240944	0.241249	0.241255	
ds_1378_26.vw.gz 		1000000	0.960014	0.960801	0.962346	
ds_1379_26.vw.gz 		1000000	0.961372	0.961069	0.962531	
ds_1380_26.vw.gz 		1000000	0.961198	0.964402	0.963355	
ds_1381_26.vw.gz 		1000000	0.960460	0.966788	0.963979	
ds_1382_26.vw.gz 		1000000	0.960675	0.964597	0.965721	
ds_1383_26.vw.gz 		1000000	0.960542	0.965676	0.965178	
ds_1384_26.vw.gz 		1000000	0.960645	0.966943	0.965056	
ds_1385_26.vw.gz 		1000000	0.960729	0.965941	0.964769	
ds_1386_26.vw.gz 		1000000	0.960455	0.960447	0.960477	
ds_1387_24.vw.gz 		1000000	0.775934	0.769914	0.775119	
ds_1388_24.vw.gz 		1000000	0.787805	0.785567	0.792635	
ds_1389_24.vw.gz 		1000000	0.819590	0.814947	0.812779	
ds_138_5.vw.gz 		1000000	0.274329	0.274092	0.274326	
ds_1390_24.vw.gz 		1000000	0.787356	0.784363	0.784376	
ds_1391_24.vw.gz 		1000000	0.773862	0.775221	0.774469	
ds_1392_24.vw.gz 		1000000	0.775186	0.775466	0.777985	
ds_1393_7.vw.gz 		1000000	0.710637	0.730749	0.726161	
ds_1394_7.vw.gz 		1000000	0.708326	0.707814	0.716757	
ds_1395_7.vw.gz 		1000000	0.712790	0.752370	0.947648	
ds_1396_7.vw.gz 		1000000	0.701111	0.709673	0.727750	
ds_1397_7.vw.gz 		1000000	0.714877	0.727416	0.771005	
ds_1398_7.vw.gz 		1000000	0.707720	0.787181	0.709171	
ds_1399_7.vw.gz 		1000000	0.682763	0.692213	0.702071	
ds_1400_7.vw.gz 		1000000	0.703472	0.756573	0.723707	
ds_1401_7.vw.gz 		1000000	0.711557	0.794434	0.742000	
ds_1402_4.vw.gz 		1000000	0.483159	0.483091	0.483305	
ds_1403_4.vw.gz 		1000000	0.490392	0.490016	0.490219	
ds_1404_4.vw.gz 		1000000	0.496241	0.496058	0.496428	
ds_1405_4.vw.gz 		1000000	0.446537	0.447202	0.447190	
ds_1406_4.vw.gz 		1000000	0.482072	0.482101	0.482005	
ds_1407_4.vw.gz 		1000000	0.492013	0.491983	0.492426	
ds_1408_4.vw.gz 		1000000	0.381825	0.383413	0.383523	
ds_1409_4.vw.gz 		1000000	0.476213	0.476297	0.476637	
ds_1410_4.vw.gz 		1000000	0.482885	0.483323	0.482991	
ds_1413_3.vw.gz 		150	0.686667	0.660000	0.660000	
ds_141_4.vw.gz 		1000000	0.637813	0.642195	0.693691	
ds_144_4.vw.gz 		1000000	0.111071	0.111064	0.111073	
ds_1457_50.vw.gz 		1500	0.978000	0.978000	0.978000	
ds_1459_10.vw.gz 		10218	0.880701	0.923077	0.889900	
ds_1465_6.vw.gz 		106	0.811321	0.820755	0.820755	
ds_1466_10.vw.gz 		2126	0.784572	0.880056	0.833020	
ds_1468_9.vw.gz 		1080	0.509259	0.571296	0.577778	
ds_1472_37.vw.gz 		768	0.953125	0.975260	0.975260	
ds_1475_6.vw.gz 		6118	0.634685	0.678326	0.893102	
ds_1476_6.vw.gz 		13910	0.528900	0.728109	0.650683	
ds_1477_6.vw.gz 		13910	0.496837	0.461395	0.482531	
ds_1478_6.vw.gz 		10299	0.579085	0.976308	0.972036	
ds_147_3.vw.gz 		1000000	0.233433	0.233460	0.233347	
ds_1481_18.vw.gz 		28056	0.905653	0.978222	0.980895	
ds_1482_30.vw.gz 		340	0.973529	0.970588	0.964706	
ds_1483_11.vw.gz 		164860	0.774512	0.766832	0.784605	
ds_148_7.vw.gz 		1000000	0.491626	0.493456	0.493251	
ds_1491_100.vw.gz 		1600	0.989375	0.986250	0.988125	
ds_1492_100.vw.gz 		1600	0.993125	0.987500	0.987500	
ds_1493_100.vw.gz 		1599	0.995622	0.989994	0.989994	
ds_1497_4.vw.gz 		5456	0.598424	0.662940	0.556635	
ds_1499_3.vw.gz 		210	0.671429	0.671429	0.671429	
ds_149_10.vw.gz 		1455525	0.553241	0.552461	0.551826	
ds_14_10.vw.gz 		2000	0.891500	0.927000	0.921500	
ds_1500_3.vw.gz 		210	0.690476	0.680952	0.680952	
ds_1501_10.vw.gz 		1593	0.816698	0.763340	0.785938	
ds_1503_10.vw.gz 		263256	0.899125	0.901241	0.900709	
ds_1508_5.vw.gz 		403	0.724566	0.759305	0.756824	
ds_1509_22.vw.gz 		149332	0.877019	0.882149	0.881827	
ds_150_7.vw.gz 		581012	0.445295	0.447089	0.446223	
ds_1512_5.vw.gz 		200	0.810000	0.840000	0.880000	
ds_1513_5.vw.gz 		123	0.674797	0.886179	0.886179	
ds_1514_10.vw.gz 		360	0.908333	0.858333	0.858333	
ds_1515_20.vw.gz 		571	0.936953	0.954466	0.954466	
ds_1516_4.vw.gz 		88	0.465909	0.795455	0.795455	
ds_1517_5.vw.gz 		47	0.680851	0.914894	0.914894	
ds_1518_4.vw.gz 		47	0.553191	0.893617	0.893617	
ds_1519_3.vw.gz 		117	0.461538	0.811966	0.811966	
ds_1520_5.vw.gz 		164	0.756098	0.829268	0.829268	
ds_1523_3.vw.gz 		310	0.535484	0.725806	0.725806	
ds_1525_4.vw.gz 		5456	0.554435	0.575147	0.898277	
ds_1526_4.vw.gz 		5456	0.628299	0.863820	0.907625	
ds_1527_5.vw.gz 		3252	0.130996	0.130996	0.130996	
ds_1528_5.vw.gz 		1623	0.132471	0.132471	0.132471	
ds_1529_5.vw.gz 		1521	0.135437	0.135437	0.135437	
ds_1530_5.vw.gz 		1515	0.141254	0.141254	0.141254	
ds_1531_5.vw.gz 		10176	0.076258	0.076258	0.076258	
ds_1532_5.vw.gz 		10668	0.073397	0.073397	0.073397	
ds_1533_5.vw.gz 		10386	0.075005	0.075005	0.075005	
ds_1534_5.vw.gz 		10190	0.075859	0.075859	0.075859	
ds_1535_5.vw.gz 		9989	0.077385	0.077385	0.077385	
ds_1536_5.vw.gz 		10130	0.075716	0.075716	0.075716	
ds_1537_5.vw.gz 		28626	0.064242	0.064242	0.064242	
ds_1538_5.vw.gz 		8753	0.092997	0.092997	0.092997	
ds_1539_5.vw.gz 		9172	0.091692	0.091692	0.091692	
ds_1540_5.vw.gz 		9285	0.092838	0.092838	0.092838	
ds_1541_5.vw.gz 		8654	0.094985	0.094985	0.094985	
ds_1542_5.vw.gz 		1183	0.120879	0.120879	0.120879	
ds_1543_5.vw.gz 		1080	0.130556	0.130556	0.130556	
ds_1544_5.vw.gz 		1277	0.123727	0.123727	0.123727	
ds_1545_5.vw.gz 		1252	0.120607	0.120607	0.120607	
ds_1546_5.vw.gz 		1112	0.130396	0.130396	0.130396	
ds_1548_3.vw.gz 		2500	0.548400	0.561200	0.557600	
ds_1549_8.vw.gz 		750	0.844000	0.864000	0.844000	
ds_154_10.vw.gz 		1000000	0.868157	0.950621	0.951917	
ds_1551_8.vw.gz 		400	0.870000	0.847500	0.847500	
ds_1552_5.vw.gz 		1100	0.788182	0.791818	0.791818	
ds_1553_3.vw.gz 		700	0.680000	0.678571	0.684286	
ds_1554_5.vw.gz 		500	0.678000	0.784000	0.784000	
ds_1555_8.vw.gz 		1000	0.835000	0.887000	0.887000	
ds_1557_3.vw.gz 		4177	0.539143	0.795308	0.795786	
ds_155_10.vw.gz 		829201	0.550872	0.551890	0.551844	
ds_156_5.vw.gz 		1000000	0.737695	0.880753	0.876119	
ds_157_5.vw.gz 		1000000	0.735653	0.884451	0.885148	
ds_158_5.vw.gz 		1000000	0.734420	0.884058	0.881096	
ds_159_5.vw.gz 		1000000	0.744241	0.872458	0.870134	
ds_160_5.vw.gz 		1000000	0.743666	0.865432	0.869279	
ds_163_3.vw.gz 		32	0.750000	0.750000	0.750000	
ds_16_10.vw.gz 		2000	0.889500	0.892000	0.884500	
ds_171_22.vw.gz 		339	0.952802	0.890855	0.955752	
ds_180_7.vw.gz 		110393	0.476181	0.477666	0.475130	
ds_181_10.vw.gz 		1484	0.739218	0.741914	0.750000	
ds_182_6.vw.gz 		6430	0.700622	0.909642	0.909020	
ds_183_29.vw.gz 		4177	0.895619	0.952837	0.950443	
ds_184_18.vw.gz 		28056	0.885016	0.987311	0.988309	
ds_185_3.vw.gz 		1340	0.128358	0.128358	0.128358	
ds_186_7.vw.gz 		412	0.269417	0.269417	0.269417	
ds_187_3.vw.gz 		178	0.612360	0.634831	0.646067	
ds_188_5.vw.gz 		736	0.676630	0.842391	0.843750	
ds_18_10.vw.gz 		2000	0.863000	0.925500	0.946500	
ds_20_2.vw.gz 		768	0.444010	0.444010	0.444010	
ds_22_10.vw.gz 		2000	0.890500	0.900000	0.904000	
ds_23_3.vw.gz 		1473	0.598778	0.622539	0.621860	
ds_244_6.vw.gz 		1000000	0.267142	0.266969	0.267085	
ds_245_6.vw.gz 		1000000	0.267594	0.267288	0.267135	
ds_247_26.vw.gz 		1000000	0.960450	0.963999	0.960173	
ds_248_7.vw.gz 		1000000	0.655478	0.656094	0.659150	
ds_249_4.vw.gz 		1000000	0.319188	0.319480	0.319482	
ds_250_10.vw.gz 		1000000	0.769285	0.820526	0.770542	
ds_252_10.vw.gz 		1000000	0.768592	0.768090	0.766347	
ds_253_6.vw.gz 		1000000	0.507327	0.508776	0.508525	
ds_254_10.vw.gz 		1000000	0.820531	0.905622	0.818093	
ds_255_3.vw.gz 		55296	0.592249	0.749439	0.716146	
ds_259_5.vw.gz 		295245	0.136541	0.136541	0.136541	
ds_261_10.vw.gz 		1000000	0.881254	0.953266	0.955705	
ds_263_6.vw.gz 		1000000	0.273634	0.275083	0.274480	
ds_265_7.vw.gz 		137781	0.685189	0.689014	0.687207	
ds_266_5.vw.gz 		1000000	0.235725	0.236258	0.236184	
ds_268_4.vw.gz 		1000000	0.651283	0.848614	0.848625	
ds_26_5.vw.gz 		12960	0.597608	0.941127	0.954552	
ds_271_3.vw.gz 		1000000	0.170170	0.170782	0.170773	
ds_272_7.vw.gz 		1000000	0.544607	0.540924	0.542647	
ds_275_6.vw.gz 		71	0.845070	0.760563	0.760563	
ds_276_4.vw.gz 		74	0.378378	0.756757	0.756757	
ds_277_4.vw.gz 		74	0.405405	0.837838	0.837838	
ds_278_4.vw.gz 		74	0.391892	0.932432	0.932432	
ds_279_13.vw.gz 		45164	0.565406	0.554512	0.563878	
ds_285_8.vw.gz 		194	0.809278	0.829897	0.835052	
ds_28_10.vw.gz 		5620	0.760320	0.767438	0.747153	
ds_2_6.vw.gz 		898	0.283964	0.444321	0.444321	
ds_300_26.vw.gz 		7797	0.859818	0.983840	0.977427	
ds_307_11.vw.gz 		990	0.921212	0.912121	0.912121	
ds_30_5.vw.gz 		5473	0.137402	0.137585	0.137402	
ds_313_48.vw.gz 		531	0.977401	0.962335	0.962335	
ds_327_6.vw.gz 		105	0.647619	0.780952	0.780952	
ds_328_6.vw.gz 		105	0.628571	0.847619	0.847619	
ds_329_3.vw.gz 		160	0.631250	0.681250	0.681250	
ds_32_10.vw.gz 		10992	0.896652	0.898654	0.912209	
ds_338_4.vw.gz 		155	0.800000	0.767742	0.767742	
ds_339_3.vw.gz 		36	0.722222	0.750000	0.694444	
ds_340_3.vw.gz 		52	0.634615	0.769231	0.769231	
ds_342_3.vw.gz 		52	0.557692	0.557692	0.557692	
ds_343_4.vw.gz 		63	0.507937	0.904762	0.904762	
ds_34_3.vw.gz 		90	0.344444	0.344444	0.344444	
ds_35_6.vw.gz 		366	0.874317	0.887978	0.887978	
ds_36_7.vw.gz 		2310	0.770130	0.893074	0.942857	
ds_372_46.vw.gz 		10108	0.740503	0.882074	0.909774	
ds_375_9.vw.gz 		9961	0.859954	0.877422	0.889168	
ds_377_6.vw.gz 		600	0.780000	0.888333	0.885000	
ds_378_7.vw.gz 		8844	0.395522	0.403098	0.402533	
ds_381_7.vw.gz 		7485	0.398798	0.404142	0.398798	
ds_382_8.vw.gz 		7019	0.821769	0.821485	0.834592	
ds_383_10.vw.gz 		690	0.784058	0.713043	0.713043	
ds_384_6.vw.gz 		336	0.342262	0.342262	0.342262	
ds_385_7.vw.gz 		927	0.323625	0.323625	0.323625	
ds_386_10.vw.gz 		913	0.716320	0.858708	0.864184	
ds_387_9.vw.gz 		414	0.731884	0.712560	0.714976	
ds_388_6.vw.gz 		204	0.470588	0.941176	0.941176	
ds_389_17.vw.gz 		2463	0.749086	0.829476	0.970361	
ds_390_44.vw.gz 		9558	0.956162	0.925926	0.956162	
ds_391_13.vw.gz 		1504	0.571144	0.568484	0.543218	
ds_392_10.vw.gz 		1003	0.676969	0.705882	0.705882	
ds_393_6.vw.gz 		3075	0.334634	0.367480	0.361951	
ds_394_10.vw.gz 		918	0.724401	0.745098	0.745098	
ds_395_25.vw.gz 		1657	0.744116	0.824381	0.824381	
ds_396_6.vw.gz 		3204	0.385144	0.423845	0.427591	
ds_397_8.vw.gz 		313	0.821086	0.702875	0.702875	
ds_398_20.vw.gz 		1560	0.901282	0.987821	0.987821	
ds_399_10.vw.gz 		11162	0.509586	0.526966	0.509944	
ds_39_8.vw.gz 		336	0.654762	0.880952	0.880952	
ds_400_10.vw.gz 		878	0.460137	0.538724	0.538724	
ds_401_10.vw.gz 		1050	0.696190	0.837143	0.838095	
ds_40927_10.vw.gz 		60000	0.845100	0.844400	0.836250	
ds_40966_8.vw.gz 		1080	0.887963	0.848148	0.848148	
ds_40971_30.vw.gz 		1000	0.948000	0.974000	0.979000	
ds_40975_4.vw.gz 		1728	0.366898	0.603009	0.869213	
ds_40979_10.vw.gz 		2000	0.803000	0.798000	0.798500	
ds_40982_7.vw.gz 		1941	0.706337	0.815044	0.921690	
ds_40984_7.vw.gz 		2310	0.830303	0.858874	0.741991	
ds_40985_20.vw.gz 		45781	0.941854	0.945021	0.943404	
ds_40996_10.vw.gz 		70000	0.516614	0.509014	0.486571	
ds_40997_3.vw.gz 		4704	0.294005	0.911352	0.911139	
ds_40998_3.vw.gz 		4704	0.299532	0.494260	0.493197	
ds_41000_3.vw.gz 		4704	0.340986	0.545918	0.412415	
ds_41001_3.vw.gz 		44819	0.359736	0.363596	0.363685	
ds_41002_3.vw.gz 		5880	0.357653	0.767177	0.891837	
ds_41003_3.vw.gz 		5880	0.459184	0.779252	0.783163	
ds_41004_3.vw.gz 		4704	0.341412	0.897959	0.897959	
ds_41006_3.vw.gz 		5880	0.304082	0.335544	0.329932	
ds_41027_3.vw.gz 		44819	0.459560	0.823735	0.868984	
ds_41039_47.vw.gz 		131600	0.953784	0.970403	0.965274	
ds_41081_10.vw.gz 		99289	0.860649	0.860236	0.901903	
ds_41082_10.vw.gz 		9298	0.690256	0.682405	0.672725	
ds_41083_40.vw.gz 		400	0.977500	0.977500	0.977500	
ds_41084_20.vw.gz 		575	0.951304	0.960000	0.960000	
ds_41103_10.vw.gz 		13000	0.859923	0.900077	0.885154	
ds_41163_5.vw.gz 		10000	0.502800	0.552300	0.494100	
ds_41164_7.vw.gz 		8237	0.712881	0.714459	0.711910	
ds_41165_10.vw.gz 		10000	0.856300	0.848800	0.854200	
ds_41166_10.vw.gz 		58310	0.733974	0.757297	0.963231	
ds_41167_355.vw.gz 		416188	0.996855	0.997129	0.997261	
ds_41168_4.vw.gz 		83733	0.551204	0.827463	0.719919	
ds_41169_100.vw.gz 		65196	0.976977	0.986456	0.994831	
ds_41440_3.vw.gz 		50789	0.315049	0.315423	0.315560	
ds_41511_3.vw.gz 		150	0.706667	0.686667	0.686667	
ds_41568_3.vw.gz 		150	0.686667	0.693333	0.693333	
ds_41583_3.vw.gz 		150	0.540000	0.686667	0.686667	
ds_41671_5.vw.gz 		20000	0.549300	0.548550	0.549300	
ds_41919_4.vw.gz 		527	0.685009	0.743833	0.757116	
ds_41939_5.vw.gz 		218	0.665138	0.834862	0.844037	
ds_41950_3.vw.gz 		150	0.546667	0.673333	0.673333	
ds_41960_144.vw.gz 		523590	0.864826	0.862673	0.869213	
ds_41972_8.vw.gz 		9144	0.583990	0.583115	0.562773	
ds_41981_15.vw.gz 		296	0.702703	0.976351	0.979730	
ds_41982_10.vw.gz 		70000	0.530471	0.537071	0.541900	
ds_41983_100.vw.gz 		60000	0.988400	0.989317	0.988833	
ds_41986_43.vw.gz 		51839	0.920022	0.934914	0.922279	
ds_41988_43.vw.gz 		51839	0.916993	0.950501	0.977044	
ds_41989_43.vw.gz 		51839	0.922877	0.917707	0.918247	
ds_41990_43.vw.gz 		51839	0.952295	0.990490	0.974594	
ds_41991_49.vw.gz 		270912	0.928774	0.933883	0.947954	
ds_41997_3.vw.gz 		150	0.593333	0.726667	0.773333	
ds_41_7.vw.gz 		214	0.700935	0.925234	0.925234	
ds_42003_3.vw.gz 		150	0.620000	0.606667	0.606667	
ds_42011_3.vw.gz 		150	0.673333	0.720000	0.766667	
ds_42016_3.vw.gz 		150	0.646667	0.773333	0.773333	
ds_42021_3.vw.gz 		150	0.646667	0.760000	0.760000	
ds_42026_3.vw.gz 		150	0.700000	0.780000	0.780000	
ds_42031_3.vw.gz 		150	0.673333	0.680000	0.680000	
ds_42036_3.vw.gz 		150	0.620000	0.580000	0.580000	
ds_42041_3.vw.gz 		150	0.460000	0.793333	0.793333	
ds_42046_3.vw.gz 		150	0.660000	0.700000	0.700000	
ds_42051_3.vw.gz 		150	0.586667	0.693333	0.693333	
ds_42056_3.vw.gz 		150	0.686667	0.773333	0.773333	
ds_42066_3.vw.gz 		150	0.540000	0.766667	0.746667	
ds_42071_3.vw.gz 		150	0.673333	0.686667	0.686667	
ds_42098_3.vw.gz 		150	0.586667	0.653333	0.653333	
ds_42140_10.vw.gz 		9927	0.851919	0.880226	0.884859	
ds_42141_10.vw.gz 		49644	0.872190	0.863528	0.866651	
ds_42167_2.vw.gz 		202	0.232673	0.232673	0.232673	
ds_42169_5.vw.gz 		224	0.508929	0.642857	0.642857	
ds_42177_nan.vw.gz 		0	n.a.	n.a.	n.a.	
ds_42186_3.vw.gz 		150	0.646667	0.680000	0.680000	
ds_42223_186.vw.gz 		201	0.995025	0.995025	0.995025	
ds_42261_3.vw.gz 		150	0.620000	0.646667	0.646667	
ds_42345_3.vw.gz 		70340	0.504578	0.944157	0.944157	
ds_42396_1000.vw.gz 		108000	0.998833	0.999009	0.998861	
ds_42468_5.vw.gz 		830000	0.571871	0.569071	0.569628	
ds_42532_9.vw.gz 		2778	0.701944	0.716343	0.742981	
ds_42544_8.vw.gz 		265	0.871698	0.898113	0.898113	
ds_42585_3.vw.gz 		344	0.511628	0.712209	0.712209	
ds_42641_5.vw.gz 		18982	0.600516	0.714572	0.628385	
ds_42670_5.vw.gz 		18982	0.635708	0.889527	0.740175	
ds_42700_3.vw.gz 		150	0.700000	0.773333	0.800000	
ds_42718_4.vw.gz 		1000000	0.649051	0.848148	0.840328	
ds_42734_3.vw.gz 		50789	0.312371	0.317392	0.318317	
ds_42746_23.vw.gz 		4898431	0.223329	0.225009	0.225006	
ds_42793_4.vw.gz 		75	0.560000	0.840000	0.840000	
ds_42819_37.0.vw.gz 		
ds_42820_37.vw.gz 		7349	0.969792	0.972377	0.974827	
ds_42_19.vw.gz 		683	0.910688	0.941435	0.957540	
ds_43028_5.vw.gz 		709	0.564175	0.510578	0.510578	
ds_43029_5.vw.gz 		699	0.576538	0.812589	0.814020	
ds_43033_5.vw.gz 		699	0.444921	0.444921	0.444921	
ds_43035_5.vw.gz 		699	0.466381	0.939914	0.949928	
ds_443_5.vw.gz 		95	0.347368	0.347368	0.347368	
ds_449_4.vw.gz 		163	0.392638	0.846626	0.846626	
ds_452_7.vw.gz 		285	0.631579	0.642105	0.642105	
ds_453_5.vw.gz 		57	0.473684	0.473684	0.473684	
ds_454_3.vw.gz 		1340	0.119403	0.119403	0.119403	
ds_4552_102.vw.gz 		5665	0.974228	0.984996	0.998058	
ds_455_3.vw.gz 		406	0.401478	0.497537	0.497537	
ds_457_4.vw.gz 		27	0.629630	0.888889	0.888889	
ds_458_4.vw.gz 		841	0.548157	0.623068	0.623068	
ds_460_3.vw.gz 		379	0.493404	0.493404	0.493404	
ds_462_3.vw.gz 		23	0.391304	0.391304	0.391304	
ds_468_6.vw.gz 		72	0.833333	0.902778	0.902778	
ds_469_6.vw.gz 		797	0.820577	0.836888	0.834379	
ds_46_3.vw.gz 		3190	0.384013	0.445141	0.445141	
ds_473_6.vw.gz 		2796	0.710658	0.945279	0.934549	
ds_474_5.vw.gz 		364	0.747253	0.890110	0.890110	
ds_475_4.vw.gz 		400	0.732500	0.757500	0.815000	
ds_477_5.vw.gz 		67	0.432836	0.432836	0.432836	
ds_480_4.vw.gz 		61	0.377049	0.377049	0.377049	
ds_488_4.vw.gz 		1161	0.481481	0.579673	0.585702	
ds_48_3.vw.gz 		151	0.682119	0.662252	0.662252	
ds_54_4.vw.gz 		846	0.739953	0.770686	0.748227	
ds_554_10.vw.gz 		70000	0.310314	0.310614	0.300214	
ds_57_4.vw.gz 		3772	0.112407	0.112407	0.112407	
ds_5_16.vw.gz 		452	0.497788	0.497788	0.497788	
ds_60_3.vw.gz 		5000	0.257800	0.257400	0.257400	
ds_61_3.vw.gz 		150	0.666667	0.686667	0.686667	
ds_62_7.vw.gz 		101	0.693069	0.910891	0.881188	
ds_679_4.vw.gz 		1024	0.680664	0.838867	0.838867	
ds_685_5.vw.gz 		130	0.730769	0.915385	0.907692	
ds_694_9.vw.gz 		310	0.896774	0.877419	0.877419	
ds_6_26.vw.gz 		20000	0.961000	0.960900	0.965250	
ds_70_6.vw.gz 		1000000	0.270428	0.270896	0.270494	
ds_71_6.vw.gz 		1000000	0.272065	0.272235	0.272358	
ds_74_26.vw.gz 		1000000	0.955003	0.972673	0.971434	
ds_75_7.vw.gz 		1000000	0.660897	0.662260	0.668922	
ds_76_4.vw.gz 		1000000	0.350311	0.350902	0.351377	
ds_78_10.vw.gz 		1000000	0.721424	0.724331	0.721328	
ds_7_24.vw.gz 		226	0.840708	0.969027	0.969027	
ds_952_6.vw.gz 		214	0.686916	0.906542	0.897196	
ds_9_7.vw.gz 		205	0.785366	0.839024	0.839024	
Finished Training CB and IGL on 2021-08-18_03:37:36.
