Started Training CB and IGL on Sat Aug 14 20:28:51 UTC 2021.
Saving to ../notes/result_2021-08-14_20:28:51.dat
|: -----------------------------------------------------------------------------------------------------:|
|Filename	|	Num Examples	|	CB Loss|IGL Loss	|	IGL Flipped Sign Loss|
|: -----------------------------------------------------------------------------------------------------:|
ds_1041_10.vw.gz 		3468	0.973760	0.940600	0.560265	
ds_1044_3.vw.gz 		10936	0.740856	0.733815	0.636613	
ds_1047_11.vw.gz 		203	0.970443	0.798030	0.911330	
ds_1057_6.vw.gz 		76	0.921053	0.960526	0.276316	
ds_1077_3.vw.gz 		105	0.619048	0.714286	0.704762	
ds_1078_3.vw.gz 		105	0.904762	0.742857	0.457143	
ds_1079_5.vw.gz 		95	0.768421	0.705263	0.768421	
ds_1080_5.vw.gz 		113	0.831858	0.893805	0.805310	
ds_1081_4.vw.gz 		89	0.752809	0.910112	0.674157	
ds_1082_5.vw.gz 		92	0.880435	0.826087	0.684783	
ds_1083_7.vw.gz 		214	0.911215	0.883178	0.887850	
ds_1084_3.vw.gz 		220	0.740909	0.736364	0.690909	
ds_1086_3.vw.gz 		283	0.593640	0.915194	0.650177	
ds_1087_3.vw.gz 		283	0.462898	0.469965	0.519435	
ds_1088_10.vw.gz 		383	0.971279	0.950392	0.913838	
ds_10_4.vw.gz 		148	0.972973	0.945946	0.513514	
ds_1100_3.vw.gz 		478	0.763598	0.721757	0.571130	
ds_1102_9.vw.gz 		96	0.979167	0.885417	0.854167	
ds_1106_14.vw.gz 		190	0.952632	0.921053	0.947368	
ds_1109_11.vw.gz 		96	1.000000	0.885417	0.916667	
ds_1110_23.vw.gz 		4898431	0.997812	0.997785	0.228865	
ds_1113_23.vw.gz 		494020	0.997700	0.997579	0.249974	
ds_1115_3.vw.gz 		151	0.675497	0.635762	0.662252	
ds_1117_3.vw.gz 		81	0.691358	0.851852	0.530864	
ds_115_10.vw.gz 		1000000	0.962424	0.959994	0.848505	
ds_116_6.vw.gz 		1000000	0.967398	0.967534	0.508346	
ds_1177_22.vw.gz 		1000000	0.993592	0.992709	0.885545	
ds_1179_3.vw.gz 		1000000	0.981405	0.981319	0.038536	
ds_117_6.vw.gz 		1000000	0.967543	0.968178	0.508734	
ds_1183_6.vw.gz 		1000000	0.970545	0.970473	0.595935	
ds_1185_3.vw.gz 		1000000	0.927371	0.927330	0.276093	
ds_1186_5.vw.gz 		1000000	0.856415	0.855108	0.720174	
ds_118_10.vw.gz 		1000000	0.986725	0.986847	0.720885	
ds_119_3.vw.gz 		55296	0.763238	0.763184	0.588921	
ds_11_3.vw.gz 		625	0.792000	0.760000	0.604800	
ds_1209_11.vw.gz 		1000000	0.909922	0.908328	0.909235	
ds_1214_9.vw.gz 		1000000	0.907350	0.906355	0.855014	
ds_1222_2.vw.gz 		20000	0.824100	0.824000	0.175750	
ds_1226_2.vw.gz 		798964	0.895233	0.895232	0.104767	
ds_1233_7.vw.gz 		945	0.887831	0.894180	0.881481	
ds_123_10.vw.gz 		1000000	0.993026	0.993056	0.574812	
ds_125_5.vw.gz 		295245	0.983075	0.983495	0.134996	
ds_127_10.vw.gz 		1000000	0.967765	0.967972	0.864079	
ds_129_6.vw.gz 		1000000	0.988273	0.988082	0.259691	
ds_12_10.vw.gz 		2000	0.945500	0.890000	0.929000	
ds_130_7.vw.gz 		1000000	0.988788	0.988981	0.477980	
ds_133_7.vw.gz 		137781	0.977834	0.973320	0.699400	
ds_134_19.vw.gz 		1000000	0.990407	0.990634	0.848145	
ds_1351_6.vw.gz 		1000000	0.982366	0.981034	0.274515	
ds_1352_6.vw.gz 		1000000	0.979886	0.975652	0.272943	
ds_1353_6.vw.gz 		1000000	0.974455	0.976708	0.272324	
ds_1354_6.vw.gz 		1000000	0.984492	0.982694	0.256012	
ds_1355_6.vw.gz 		1000000	0.981582	0.979767	0.274381	
ds_1356_6.vw.gz 		1000000	0.979935	0.979435	0.274399	
ds_1357_6.vw.gz 		1000000	0.987854	0.987909	0.256957	
ds_1358_6.vw.gz 		1000000	0.981415	0.982608	0.273462	
ds_1359_6.vw.gz 		1000000	0.979002	0.978815	0.274857	
ds_1360_6.vw.gz 		1000000	0.982275	0.977269	0.270765	
ds_1361_6.vw.gz 		1000000	0.978087	0.975115	0.271155	
ds_1362_6.vw.gz 		1000000	0.977075	0.979243	0.270457	
ds_1363_6.vw.gz 		1000000	0.986773	0.986347	0.262105	
ds_1364_6.vw.gz 		1000000	0.979733	0.976853	0.270743	
ds_1365_6.vw.gz 		1000000	0.975196	0.981893	0.270777	
ds_1366_6.vw.gz 		1000000	0.983655	0.983445	0.257547	
ds_1367_6.vw.gz 		1000000	0.984568	0.982859	0.271856	
ds_1368_6.vw.gz 		1000000	0.983931	0.984977	0.271000	
ds_136_5.vw.gz 		1000000	0.981695	0.983787	0.241076	
ds_1378_26.vw.gz 		1000000	0.964881	0.963434	0.963343	
ds_1379_26.vw.gz 		1000000	0.963821	0.962956	0.961798	
ds_1380_26.vw.gz 		1000000	0.963491	0.963012	0.961203	
ds_1381_26.vw.gz 		1000000	0.966834	0.966131	0.961750	
ds_1382_26.vw.gz 		1000000	0.965426	0.960555	0.961882	
ds_1383_26.vw.gz 		1000000	0.965595	0.962121	0.961726	
ds_1384_26.vw.gz 		1000000	0.966266	0.966006	0.961732	
ds_1385_26.vw.gz 		1000000	0.966304	0.964964	0.962699	
ds_1386_26.vw.gz 		1000000	0.966737	0.966425	0.964839	
ds_1387_24.vw.gz 		1000000	0.988489	0.989033	0.771622	
ds_1388_24.vw.gz 		1000000	0.988766	0.986004	0.784917	
ds_1389_24.vw.gz 		1000000	0.988004	0.987136	0.822432	
ds_138_5.vw.gz 		1000000	0.979337	0.977788	0.273970	
ds_1390_24.vw.gz 		1000000	0.989691	0.990263	0.785842	
ds_1391_24.vw.gz 		1000000	0.990122	0.988578	0.778143	
ds_1392_24.vw.gz 		1000000	0.988617	0.989117	0.772876	
ds_1393_7.vw.gz 		1000000	0.977840	0.979174	0.711716	
ds_1394_7.vw.gz 		1000000	0.982224	0.980851	0.707476	
ds_1395_7.vw.gz 		1000000	0.983180	0.983097	0.712197	
ds_1396_7.vw.gz 		1000000	0.978492	0.977733	0.700378	
ds_1397_7.vw.gz 		1000000	0.980604	0.978363	0.711330	
ds_1398_7.vw.gz 		1000000	0.980991	0.981381	0.708344	
ds_1399_7.vw.gz 		1000000	0.977568	0.972494	0.686082	
ds_1400_7.vw.gz 		1000000	0.976327	0.976633	0.705058	
ds_1401_7.vw.gz 		1000000	0.980413	0.978938	0.711986	
ds_1402_4.vw.gz 		1000000	0.966639	0.965637	0.482793	
ds_1403_4.vw.gz 		1000000	0.965387	0.965363	0.490305	
ds_1404_4.vw.gz 		1000000	0.965309	0.965509	0.495905	
ds_1405_4.vw.gz 		1000000	0.965372	0.964762	0.446213	
ds_1406_4.vw.gz 		1000000	0.967042	0.967529	0.482273	
ds_1407_4.vw.gz 		1000000	0.965537	0.965877	0.492205	
ds_1408_4.vw.gz 		1000000	0.960732	0.960662	0.382527	
ds_1409_4.vw.gz 		1000000	0.964775	0.965198	0.476110	
ds_1410_4.vw.gz 		1000000	0.965552	0.965272	0.482339	
ds_1413_3.vw.gz 		150	0.780000	0.666667	0.820000	
ds_141_4.vw.gz 		1000000	0.838920	0.837913	0.636652	
ds_144_4.vw.gz 		1000000	0.985692	0.985659	0.111064	
ds_1457_50.vw.gz 		1500	0.982000	0.979333	0.983333	
ds_1459_10.vw.gz 		10218	0.924251	0.920141	0.881484	
ds_1465_6.vw.gz 		106	0.858491	0.801887	0.849057	
ds_1466_10.vw.gz 		2126	0.968485	0.926152	0.800564	
ds_1468_9.vw.gz 		1080	0.959259	0.876852	0.535185	
ds_1472_37.vw.gz 		768	0.980469	0.976562	0.962240	
ds_1475_6.vw.gz 		6118	0.884766	0.864335	0.696143	
ds_1476_6.vw.gz 		13910	0.973257	0.964198	0.552265	
ds_1477_6.vw.gz 		13910	0.982171	0.978433	0.537886	
ds_1478_6.vw.gz 		10299	0.985241	0.964365	0.586271	
ds_147_3.vw.gz 		1000000	0.963209	0.963294	0.233280	
ds_1481_18.vw.gz 		28056	0.985066	0.955019	0.899665	
ds_1482_30.vw.gz 		340	0.952941	0.952941	0.979412	
ds_1483_11.vw.gz 		164860	0.970721	0.976580	0.767021	
ds_148_7.vw.gz 		1000000	0.968929	0.969467	0.494430	
ds_1491_100.vw.gz 		1600	0.988750	0.988125	0.987500	
ds_1492_100.vw.gz 		1600	0.992500	0.987500	0.990000	
ds_1493_100.vw.gz 		1599	0.987492	0.993746	0.986241	
ds_1497_4.vw.gz 		5456	0.844941	0.815249	0.565066	
ds_1499_3.vw.gz 		210	0.752381	0.638095	0.709524	
ds_149_10.vw.gz 		1455525	0.992989	0.991804	0.552939	
ds_14_10.vw.gz 		2000	0.922000	0.900000	0.920500	
ds_1500_3.vw.gz 		210	0.661905	0.695238	0.676190	
ds_1501_10.vw.gz 		1593	0.962335	0.835530	0.789077	
ds_1503_10.vw.gz 		263256	0.899824	0.900785	0.900299	
ds_1508_5.vw.gz 		403	0.880893	0.853598	0.717122	
ds_1509_22.vw.gz 		149332	0.989433	0.986754	0.876785	
ds_150_7.vw.gz 		581012	0.989341	0.988795	0.445187	
ds_1512_5.vw.gz 		200	0.895000	0.805000	0.830000	
ds_1513_5.vw.gz 		123	0.764228	0.747967	0.772358	
ds_1514_10.vw.gz 		360	0.944444	0.908333	0.633333	
ds_1515_20.vw.gz 		571	0.975482	0.950963	0.898424	
ds_1516_4.vw.gz 		88	0.840909	0.886364	0.659091	
ds_1517_5.vw.gz 		47	0.808511	0.680851	0.787234	
ds_1518_4.vw.gz 		47	0.893617	0.872340	0.808511	
ds_1519_3.vw.gz 		117	0.888889	0.854701	0.521368	
ds_1520_5.vw.gz 		164	0.951220	0.871951	0.762195	
ds_1523_3.vw.gz 		310	0.787097	0.687097	0.622581	
ds_1525_4.vw.gz 		5456	0.924304	0.900660	0.511364	
ds_1526_4.vw.gz 		5456	0.924120	0.905242	0.649927	
ds_1527_5.vw.gz 		3252	0.971402	0.972325	0.127306	
ds_1528_5.vw.gz 		1623	0.970425	0.959951	0.133087	
ds_1529_5.vw.gz 		1521	0.962525	0.917817	0.135437	
ds_1530_5.vw.gz 		1515	0.965677	0.954455	0.135974	
ds_1531_5.vw.gz 		10176	0.983785	0.983196	0.075472	
ds_1532_5.vw.gz 		10668	0.985096	0.983971	0.073678	
ds_1533_5.vw.gz 		10386	0.984113	0.984402	0.074812	
ds_1534_5.vw.gz 		10190	0.984298	0.983317	0.076055	
ds_1535_5.vw.gz 		9989	0.983181	0.984183	0.077085	
ds_1536_5.vw.gz 		10130	0.983021	0.986081	0.075420	
ds_1537_5.vw.gz 		28626	0.986131	0.985153	0.064347	
ds_1538_5.vw.gz 		8753	0.979893	0.976465	0.092997	
ds_1539_5.vw.gz 		9172	0.978195	0.978849	0.091910	
ds_1540_5.vw.gz 		9285	0.976521	0.979214	0.093269	
ds_1541_5.vw.gz 		8654	0.977467	0.978969	0.095216	
ds_1542_5.vw.gz 		1183	0.973795	0.974641	0.120879	
ds_1543_5.vw.gz 		1080	0.965741	0.977778	0.127778	
ds_1544_5.vw.gz 		1277	0.974941	0.971026	0.123727	
ds_1545_5.vw.gz 		1252	0.972843	0.976038	0.120607	
ds_1546_5.vw.gz 		1112	0.968525	0.979317	0.132194	
ds_1548_3.vw.gz 		2500	0.805600	0.794400	0.592400	
ds_1549_8.vw.gz 		750	0.880000	0.857333	0.849333	
ds_154_10.vw.gz 		1000000	0.952742	0.951433	0.867711	
ds_1551_8.vw.gz 		400	0.822500	0.870000	0.895000	
ds_1552_5.vw.gz 		1100	0.800909	0.790909	0.782727	
ds_1553_3.vw.gz 		700	0.664286	0.665714	0.660000	
ds_1554_5.vw.gz 		500	0.870000	0.764000	0.672000	
ds_1555_8.vw.gz 		1000	0.893000	0.866000	0.853000	
ds_1557_3.vw.gz 		4177	0.806320	0.803687	0.538904	
ds_155_10.vw.gz 		829201	0.994808	0.994756	0.552316	
ds_156_5.vw.gz 		1000000	0.881762	0.881626	0.737686	
ds_157_5.vw.gz 		1000000	0.884218	0.884968	0.734405	
ds_158_5.vw.gz 		1000000	0.885011	0.885028	0.735381	
ds_159_5.vw.gz 		1000000	0.871148	0.871218	0.742759	
ds_160_5.vw.gz 		1000000	0.871634	0.872113	0.745685	
ds_163_3.vw.gz 		32	0.656250	0.718750	0.781250	
ds_16_10.vw.gz 		2000	0.918500	0.917500	0.942500	
ds_171_22.vw.gz 		339	0.973451	0.952802	0.946903	
ds_180_7.vw.gz 		110393	0.979156	0.978223	0.472856	
ds_181_10.vw.gz 		1484	0.971698	0.954178	0.884097	
ds_182_6.vw.gz 		6430	0.909642	0.932193	0.664386	
ds_183_29.vw.gz 		4177	0.996169	0.941824	0.945894	
ds_184_18.vw.gz 		28056	0.987703	0.985992	0.887974	
ds_185_3.vw.gz 		1340	0.947015	0.947015	0.129104	
ds_186_7.vw.gz 		412	0.980583	0.973301	0.269417	
ds_187_3.vw.gz 		178	0.634831	0.758427	0.786517	
ds_188_5.vw.gz 		736	0.845109	0.816576	0.709239	
ds_18_10.vw.gz 		2000	0.970000	0.887000	0.925500	
ds_20_2.vw.gz 		768	0.553385	0.527344	0.498698	
ds_22_10.vw.gz 		2000	0.917000	0.898000	0.881000	
ds_23_3.vw.gz 		1473	0.737950	0.716225	0.600815	
ds_244_6.vw.gz 		1000000	0.986257	0.987662	0.267067	
ds_245_6.vw.gz 		1000000	0.987855	0.985072	0.267142	
ds_247_26.vw.gz 		1000000	0.969609	0.969065	0.961947	
ds_248_7.vw.gz 		1000000	0.973925	0.972879	0.654778	
ds_249_4.vw.gz 		1000000	0.975000	0.974520	0.319193	
ds_250_10.vw.gz 		1000000	0.982684	0.982580	0.770376	
ds_252_10.vw.gz 		1000000	0.977078	0.975983	0.767333	
ds_253_6.vw.gz 		1000000	0.967496	0.967565	0.507825	
ds_254_10.vw.gz 		1000000	0.972217	0.972057	0.819522	
ds_255_3.vw.gz 		55296	0.746817	0.756583	0.593334	
ds_259_5.vw.gz 		295245	0.981039	0.981202	0.136534	
ds_261_10.vw.gz 		1000000	0.951845	0.952982	0.884789	
ds_263_6.vw.gz 		1000000	0.988144	0.988161	0.272628	
ds_265_7.vw.gz 		137781	0.973930	0.976194	0.683389	
ds_266_5.vw.gz 		1000000	0.982628	0.982106	0.235922	
ds_268_4.vw.gz 		1000000	0.849149	0.849010	0.651839	
ds_26_5.vw.gz 		12960	0.985417	0.988040	0.633642	
ds_271_3.vw.gz 		1000000	0.975875	0.975871	0.170205	
ds_272_7.vw.gz 		1000000	0.964697	0.965190	0.543539	
ds_275_6.vw.gz 		71	0.760563	0.845070	0.577465	
ds_276_4.vw.gz 		74	0.756757	0.824324	0.459459	
ds_277_4.vw.gz 		74	0.837838	0.918919	0.459459	
ds_278_4.vw.gz 		74	0.932432	0.837838	0.337838	
ds_279_13.vw.gz 		45164	0.993778	0.987490	0.571694	
ds_285_8.vw.gz 		194	0.865979	0.917526	0.876289	
ds_28_10.vw.gz 		5620	0.984164	0.960676	0.768149	
ds_2_6.vw.gz 		898	0.981069	0.956570	0.275056	
ds_300_26.vw.gz 		7797	0.982557	0.955111	0.921893	
ds_307_11.vw.gz 		990	0.906061	0.930303	0.906061	
ds_30_5.vw.gz 		5473	0.984104	0.980998	0.137767	
ds_313_48.vw.gz 		531	0.986817	0.984934	0.977401	
ds_327_6.vw.gz 		105	0.828571	0.647619	0.704762	
ds_328_6.vw.gz 		105	0.876190	0.838095	0.609524	
ds_329_3.vw.gz 		160	0.787500	0.781250	0.631250	
ds_32_10.vw.gz 		10992	0.925036	0.909207	0.896925	
ds_338_4.vw.gz 		155	0.748387	0.800000	0.761290	
ds_339_3.vw.gz 		36	0.666667	0.722222	0.666667	
ds_340_3.vw.gz 		52	0.769231	0.750000	0.692308	
ds_342_3.vw.gz 		52	0.596154	0.807692	0.634615	
ds_343_4.vw.gz 		63	0.888889	0.507937	0.492063	
ds_34_3.vw.gz 		90	0.944444	0.944444	0.355556	
ds_35_6.vw.gz 		366	0.942623	0.931694	0.874317	
ds_36_7.vw.gz 		2310	0.935498	0.950216	0.845455	
ds_372_46.vw.gz 		10108	0.993965	0.987930	0.966066	
ds_375_9.vw.gz 		9961	0.901917	0.892983	0.881237	
ds_377_6.vw.gz 		600	0.953333	0.895000	0.820000	
ds_378_7.vw.gz 		8844	0.950927	0.929331	0.392243	
ds_381_7.vw.gz 		7485	0.956981	0.931597	0.404275	
ds_382_8.vw.gz 		7019	0.915942	0.854253	0.812794	
ds_383_10.vw.gz 		690	0.966667	0.876812	0.597101	
ds_384_6.vw.gz 		336	0.958333	0.809524	0.541667	
ds_385_7.vw.gz 		927	0.976268	0.840345	0.354908	
ds_386_10.vw.gz 		913	0.957284	0.898138	0.759036	
ds_387_9.vw.gz 		414	0.949275	0.782609	0.729469	
ds_388_6.vw.gz 		204	0.921569	0.539216	0.588235	
ds_389_17.vw.gz 		2463	0.966707	0.948031	0.863581	
ds_390_44.vw.gz 		9558	0.991735	0.956162	0.857815	
ds_391_13.vw.gz 		1504	0.978059	0.907580	0.793883	
ds_392_10.vw.gz 		1003	0.955135	0.891326	0.699900	
ds_393_6.vw.gz 		3075	0.958699	0.956423	0.359675	
ds_394_10.vw.gz 		918	0.950980	0.827887	0.795207	
ds_395_25.vw.gz 		1657	0.981895	0.853349	0.803862	
ds_396_6.vw.gz 		3204	0.976904	0.951311	0.367978	
ds_397_8.vw.gz 		313	0.952077	0.821086	0.750799	
ds_398_20.vw.gz 		1560	0.987821	0.966026	0.723718	
ds_399_10.vw.gz 		11162	0.977961	0.974109	0.512722	
ds_39_8.vw.gz 		336	0.952381	0.654762	0.776786	
ds_400_10.vw.gz 		878	0.986333	0.946469	0.445330	
ds_401_10.vw.gz 		1050	0.953333	0.904762	0.897143	
ds_40927_10.vw.gz 		60000	0.941317	0.940717	0.847367	
ds_40966_8.vw.gz 		1080	0.903704	0.887963	0.871296	
ds_40971_30.vw.gz 		1000	0.969000	0.953000	0.970000	
ds_40975_4.vw.gz 		1728	0.928819	0.915509	0.374421	
ds_40979_10.vw.gz 		2000	0.986000	0.946500	0.957500	
ds_40982_7.vw.gz 		1941	0.922720	0.883565	0.724884	
ds_40984_7.vw.gz 		2310	0.942424	0.895238	0.961039	
ds_40985_20.vw.gz 		45781	0.959852	0.950263	0.946353	
ds_40996_10.vw.gz 		70000	0.991386	0.986471	0.511471	
ds_40997_3.vw.gz 		4704	0.914328	0.883716	0.305697	
ds_40998_3.vw.gz 		4704	0.904337	0.898384	0.299320	
ds_41000_3.vw.gz 		4704	0.894558	0.899022	0.350340	
ds_41001_3.vw.gz 		44819	0.870479	0.870970	0.365158	
ds_41002_3.vw.gz 		5880	0.893367	0.887245	0.359184	
ds_41003_3.vw.gz 		5880	0.827381	0.839116	0.460204	
ds_41004_3.vw.gz 		4704	0.901998	0.910289	0.342900	
ds_41006_3.vw.gz 		5880	0.878231	0.882653	0.305442	
ds_41027_3.vw.gz 		44819	0.867199	0.866954	0.461099	
ds_41039_47.vw.gz 		131600	0.989559	0.986140	0.959932	
ds_41081_10.vw.gz 		99289	0.905105	0.905458	0.894037	
ds_41082_10.vw.gz 		9298	0.970424	0.956550	0.690471	
ds_41083_40.vw.gz 		400	0.972500	0.977500	0.972500	
ds_41084_20.vw.gz 		575	0.958261	0.954783	0.965217	
ds_41103_10.vw.gz 		13000	0.925615	0.924231	0.864385	
ds_41163_5.vw.gz 		10000	0.937200	0.941300	0.512000	
ds_41164_7.vw.gz 		8237	0.909190	0.921695	0.781110	
ds_41165_10.vw.gz 		10000	0.913400	0.904600	0.905800	
ds_41166_10.vw.gz 		58310	0.956474	0.969199	0.740885	
ds_41167_355.vw.gz 		416188	0.996874	0.996905	0.997311	
ds_41168_4.vw.gz 		83733	0.907217	0.905808	0.551252	
ds_41169_100.vw.gz 		65196	0.995521	0.995782	0.993773	
ds_41440_3.vw.gz 		50789	0.876706	0.874402	0.315659	
ds_41511_3.vw.gz 		150	0.793333	0.706667	0.646667	
ds_41568_3.vw.gz 		150	0.753333	0.600000	0.686667	
ds_41583_3.vw.gz 		150	0.746667	0.646667	0.580000	
ds_41671_5.vw.gz 		20000	0.889000	0.881750	0.553250	
ds_41919_4.vw.gz 		527	0.785579	0.677419	0.776091	
ds_41939_5.vw.gz 		218	0.912844	0.830275	0.862385	
ds_41950_3.vw.gz 		150	0.700000	0.733333	0.766667	
ds_41960_144.vw.gz 		523590	0.999555	0.995789	0.853983	
ds_41972_8.vw.gz 		9144	0.984908	0.962708	0.539479	
ds_41981_15.vw.gz 		296	0.986486	0.702703	0.945946	
ds_41982_10.vw.gz 		70000	0.976071	0.978729	0.531114	
ds_41983_100.vw.gz 		60000	0.991483	0.991417	0.990883	
ds_41986_43.vw.gz 		51839	0.988464	0.978665	0.934895	
ds_41988_43.vw.gz 		51839	0.980459	0.942283	0.940103	
ds_41989_43.vw.gz 		51839	0.988850	0.978742	0.919096	
ds_41990_43.vw.gz 		51839	0.997608	0.988638	0.943845	
ds_41991_49.vw.gz 		270912	0.991879	0.991824	0.928113	
ds_41997_3.vw.gz 		150	0.700000	0.706667	0.800000	
ds_41_7.vw.gz 		214	0.985981	0.700935	0.742991	
ds_42003_3.vw.gz 		150	0.760000	0.720000	0.766667	
ds_42011_3.vw.gz 		150	0.720000	0.660000	0.746667	
ds_42016_3.vw.gz 		150	0.713333	0.733333	0.626667	
ds_42021_3.vw.gz 		150	0.740000	0.646667	0.673333	
ds_42026_3.vw.gz 		150	0.773333	0.653333	0.673333	
ds_42031_3.vw.gz 		150	0.726667	0.760000	0.640000	
ds_42036_3.vw.gz 		150	0.746667	0.653333	0.766667	
ds_42041_3.vw.gz 		150	0.686667	0.720000	0.513333	
ds_42046_3.vw.gz 		150	0.786667	0.666667	0.693333	
ds_42051_3.vw.gz 		150	0.666667	0.660000	0.613333	
ds_42056_3.vw.gz 		150	0.780000	0.626667	0.813333	
ds_42066_3.vw.gz 		150	0.773333	0.686667	0.673333	
ds_42071_3.vw.gz 		150	0.693333	0.726667	0.753333	
ds_42098_3.vw.gz 		150	0.760000	0.666667	0.673333	
ds_42140_10.vw.gz 		9927	0.901984	0.874987	0.847487	
ds_42141_10.vw.gz 		49644	0.906192	0.893361	0.899061	
ds_42167_2.vw.gz 		202	0.767327	0.757426	0.242574	
ds_42169_5.vw.gz 		224	0.973214	0.941964	0.544643	
ds_42177_nan.vw.gz 		0	n.a.	n.a.	n.a.	
ds_42186_3.vw.gz 		150	0.746667	0.580000	0.673333	
ds_42223_186.vw.gz 		201	0.990050	0.995025	1.000000	
ds_42261_3.vw.gz 		150	0.646667	0.660000	0.700000	
ds_42345_3.vw.gz 		70340	0.948749	0.948564	0.506184	
ds_42396_1000.vw.gz 		108000	0.999093	0.999000	0.999065	
ds_42468_5.vw.gz 		830000	0.931155	0.930695	0.570382	
ds_42532_9.vw.gz 		2778	0.970122	0.939885	0.731821	
ds_42544_8.vw.gz 		265	0.883019	0.871698	0.890566	
ds_42585_3.vw.gz 		344	0.741279	0.741279	0.674419	
ds_42641_5.vw.gz 		18982	0.904699	0.914393	0.611421	
ds_42670_5.vw.gz 		18982	0.908808	0.907439	0.621642	
ds_42700_3.vw.gz 		150	0.760000	0.706667	0.726667	
ds_42718_4.vw.gz 		1000000	0.847735	0.847809	0.649487	
ds_42734_3.vw.gz 		50789	0.882475	0.880703	0.313375	
ds_42746_23.vw.gz 		4898431	0.997789	0.997797	0.219282	
ds_42793_4.vw.gz 		75	0.840000	0.560000	0.573333	
ds_42819_37.0.vw.gz 		
ds_42820_37.vw.gz 		7349	0.982311	0.972513	0.976051	
ds_42_19.vw.gz 		683	0.970717	0.967789	0.900439	
ds_43028_5.vw.gz 		709	0.933709	0.956276	0.452750	
ds_43029_5.vw.gz 		699	0.912732	0.675250	0.432046	
ds_43033_5.vw.gz 		699	0.957082	0.945637	0.540773	
ds_43035_5.vw.gz 		699	0.945637	0.917024	0.427754	
ds_443_5.vw.gz 		95	0.894737	0.831579	0.431579	
ds_449_4.vw.gz 		163	0.969325	0.920245	0.484663	
ds_452_7.vw.gz 		285	0.919298	0.870175	0.663158	
ds_453_5.vw.gz 		57	0.789474	0.771930	0.807018	
ds_454_3.vw.gz 		1340	0.949254	0.944776	0.122388	
ds_4552_102.vw.gz 		5665	0.998588	0.998411	0.997176	
ds_455_3.vw.gz 		406	0.810345	0.674877	0.399015	
ds_457_4.vw.gz 		27	0.888889	0.666667	0.703704	
ds_458_4.vw.gz 		841	0.936980	0.775268	0.500595	
ds_460_3.vw.gz 		379	0.791557	0.770449	0.548813	
ds_462_3.vw.gz 		23	0.782609	0.695652	0.478261	
ds_468_6.vw.gz 		72	0.819444	0.833333	0.861111	
ds_469_6.vw.gz 		797	0.803011	0.831870	0.823087	
ds_46_3.vw.gz 		3190	0.853918	0.864577	0.416614	
ds_473_6.vw.gz 		2796	0.959943	0.964950	0.724964	
ds_474_5.vw.gz 		364	0.906593	0.903846	0.777473	
ds_475_4.vw.gz 		400	0.825000	0.737500	0.787500	
ds_477_5.vw.gz 		67	0.985075	0.835821	0.880597	
ds_480_4.vw.gz 		61	0.918033	0.868852	0.426230	
ds_488_4.vw.gz 		1161	0.957795	0.929371	0.466839	
ds_48_3.vw.gz 		151	0.682119	0.682119	0.655629	
ds_54_4.vw.gz 		846	0.794326	0.763593	0.780142	
ds_554_10.vw.gz 		70000	0.988671	0.987829	0.318557	
ds_57_4.vw.gz 		3772	0.980912	0.983298	0.112407	
ds_5_16.vw.gz 		452	0.951327	0.991150	0.581858	
ds_60_3.vw.gz 		5000	0.948200	0.943400	0.239000	
ds_61_3.vw.gz 		150	0.746667	0.693333	0.700000	
ds_62_7.vw.gz 		101	0.851485	0.693069	0.811881	
ds_679_4.vw.gz 		1024	0.838867	0.785156	0.801758	
ds_685_5.vw.gz 		130	0.807692	0.776923	0.800000	
ds_694_9.vw.gz 		310	0.893548	0.896774	0.890323	
ds_6_26.vw.gz 		20000	0.962900	0.961200	0.960850	
ds_70_6.vw.gz 		1000000	0.985438	0.987180	0.270475	
ds_71_6.vw.gz 		1000000	0.987257	0.985611	0.272071	
ds_74_26.vw.gz 		1000000	0.973198	0.970009	0.955445	
ds_75_7.vw.gz 		1000000	0.971388	0.966258	0.662949	
ds_76_4.vw.gz 		1000000	0.974951	0.975045	0.350239	
ds_78_10.vw.gz 		1000000	0.985725	0.985168	0.722505	
ds_7_24.vw.gz 		226	0.991150	0.840708	0.893805	
ds_952_6.vw.gz 		214	0.920561	0.771028	0.869159	
ds_9_7.vw.gz 		205	0.839024	0.785366	0.887805	
Finished Training CB and IGL on 2021-08-14_22:00:20.
